# seed: 173446962
4
38 21
14 16 98
66 64 14 84
96 91 76 78 23
95 20 20 63 56 91
65 35 76 17 32 27 47
94 38 86 93 47 83 43 56
23 73 52 24 11 30 38 74 8
35 28 21 84 67 66 4 98 43 83
40 52 66 78 66 98 84 90 22 24 11
41 74 65 71 63 39 23 45 20 97 33 87
36 22 28 46 48 50 93 24 33 69 71 41 93
18 53 90 42 48 96 46 35 56 42 2 94 71 72
59 52 72 50 81 8 42 16 71 63 96 2 94 10 74
17 79 91 34 37 10 21 99 42 21 5 37 47 70 69 37
88 85 69 44 95 54 19 73 30 84 89 28 92 79 25 27 0
64 35 47 44 30 71 82 4 95 15 61 87 29 6 93 92 60 75
12 81 58 23 74 44 99 57 14 23 99 99 19 78 94 3 55 73 46
77 39 44 68 21 69 23 53 42 67 59 23 33 5 15 33 24 39 24 91
54 53 83 96 44 52 57 86 98 37 89 60 19 93 91 16 64 92 57 6 7
63 82 82 41 70 25 34 43 94 96 12 94 97 37 32 23 28 65 65 68 26 67
22 96 91 69 39 74 18 55 30 5 65 2 5 66 64 67 98 36 53 68 19 80 7
60 39 80 44 16 58 8 53 3 0 73 66 66 66 12 72 93 47 3 45 49 56 40 33
26 28 38 70 58 62 63 74 33 90 72 64 20 80 72 95 29 4 53 35 57 51 90 69 97
49 66 82 55 4 27 92 45 53 65 42 36 51 45 42 10 93 43 96 54 21 63 75 70 76 77
48 95 40 57 26 65 33 14 42 18 20 15 14 28 57 66 86 91 65 45 80 13 28 28 64 78 73
81 93 21 32 85 46 52 16 19 42 24 15 57 7 80 63 4 89 88 96 53 4 71 4 87 71 97 6
71 76 40 10 66 50 54 38 15 69 60 71 89 50 70 7 18 67 26 95 26 25 31 25 25 96 32 80 7
40 87 16 21 24 7 6 78 29 53 64 22 53 78 9 8 29 96 80 31 16 96 27 85 93 95 61 27 12 69
93 57 94 30 46 14 0 25 59 81 11 91 34 4 46 88 74 38 35 45 63 60 59 34 52 93 17 4 55 34 31
91 55 40 14 86 87 73 35 80 3 19 75 3 69 37 7 24 55 52 57 13 40 22 76 99 12 38 86 92 12 87 33
58 99 50 7 71 16 19 3 72 73 44 21 25 97 42 26 39 18 23 66 29 46 61 35 32 53 28 75 97 4 53 21 86
80 30 53 38 20 95 98 79 57 72 50 82 70 63 25 88 25 65 14 55 54 76 24 85 49 75 44 11 94 33 61 10 13 92
57 74 32 30 74 23 55 4 57 77 95 31 22 13 55 28 18 57 39 59 31 26 34 55 78 44 3 38 79 48 60 57 66 59 68
36 25 37 84 82 35 86 45 98 91 36 44 91 34 67 14 31 87 82 43 56 65 78 71 21 88 38 41 43 28 25 20 7 52 37 15
47 79 1 92 98 25 62 56 69 80 59 79 44 18 27 48 11 79 48 21 37 1 93 46 99 8 1 63 62 83 31 15 31 17 39 95 64
9 27 20 48 91 7 94 73 38 47 38 10 23 74 38 31 36 28 97 61 66 58 10 59 38 94 6 11 90 39 19 46 65 70 66 98 76 10
62 71 29 7 3 42 38 45 70 75 18 1 24 13 20 60 68 86 29 88 75 89 41 69 35 32 90 92 68 21 57 25 36 37 97 34 93 83 50
56 92 32 43 30 5 79 45 56 62 68 72 63 23 94 27 90 68 1 3 90 25 4 10 63 43 20 55 18 23 94 22 35 33 18 70 64 79 7 86
13 8 21 70 52 32 95 75 68 18 98 30 33 17 27 81 84 28 95 55 61 85 81 51 22 69 78 65 99 66 94 61 3 42 8 65 66 7 42 10 46
85 83 58 52 88 25 21 72 11 83 33 60 83 62 64 14 7 80 51 34 58 42 2 91 99 77 67 26 25 32 86 1 64 46 66 34 63 40 71 95 15 31
53 91 5 83 58 26 76 59 47 67 68 16 35 11 63 97 46 77 17 30 38 83 87 74 36 22 24 87 45 2 69 0 71 41 79 66 92 71 56 27 39 48 54
81 7 45 56 92 36 9 75 78 27 39 4 93 34 77 93 18 43 40 61 98 83 91 74 73 26 59 26 58 45 58 94 35 67 93 40 89 26 74 67 18 71 81 37
31 26 35 13 37 3 82 83 76 17 18 97 30 61 48 27 49 14 4 51 72 37 49 32 9 16 6 86 20 50 37 35 73 50 35 72 64 72 63 70 26 40 39 80 15
60 85 27 87 71 32 57 46 69 15 55 47 74 43 58 18 11 76 69 15 47 35 62 55 79 75 30 85 6 13 51 78 52 75 73 85 34 8 76 71 66 26 70 32 44 46
37 19 6 57 92 12 33 57 87 26 30 66 73 45 93 43 70 13 88 12 50 14 92 29 21 93 0 94 41 55 94 15 57 22 96 64 8 28 28 70 40 69 33 16 25 61 54
4 77 86 88 90 45 72 57 31 26 90 87 40 63 69 8 18 60 93 80 58 20 40 76 89 11 28 63 98 90 77 69 29 45 72 5 93 44 23 52 37 65 64 69 79 13 86 78
98 98 47 11 78 13 80 85 20 66 79 16 67 6 38 23 54 53 3 59 99 48 52 99 69 93 9 43 43 23 68 83 60 1 24 84 92 75 83 42 85 68 2 28 52 87 80 54 38
92 70 36 14 72 70 89 17 94 55 47 65 88 18 21 80 78 23 51 9 61 82 9 65 5 61 97 59 17 54 50 75 12 83 94 89 2 94 89 38 8 92 12 92 17 94 26 30 22 6
53 79 80 4 92 48 21 36 76 34 94 65 33 91 53 97 93 84 3 20 88 80 55 3 43 12 38 36 39 46 43 28 17 20 84 54 33 30 45 60 3 81 31 68 90 87 45 80 36 88 70
23 39 54 48 68 27 17 66 21 20 55 91 29 11 28 36 19 30 74 23 91 57 94 7 12 33 6 17 56 59 48 81 67 76 97 90 70 36 24 74 77 5 94 61 5 4 89 65 40 88 33 17
14 27 3 4 44 53 6 70 49 22 20 1 13 32 45 12 31 87 20 9 55 2 31 10 48 52 21 11 68 43 59 74 66 8 67 83 17 88 41 39 27 87 89 85 53 87 14 16 46 92 93 89 48
47 37 68 2 13 87 1 84 99 56 90 33 41 86 20 47 88 76 84 69 91 42 79 98 13 20 41 47 89 63 19 87 88 14 33 95 22 80 76 99 20 79 89 40 4 73 6 33 94 83 85 34 44 75
72 25 46 10 64 14 56 7 58 48 17 0 79 35 16 3 80 74 62 70 23 40 76 27 78 35 38 82 42 27 41 52 43 89 6 50 19 23 29 40 44 37 61 68 0 30 29 16 16 17 20 11 85 67 66
32 55 38 64 16 83 93 91 86 65 3 4 1 28 26 91 23 14 19 50 26 7 88 45 59 13 99 12 74 38 75 13 45 3 41 96 10 37 4 93 28 6 58 30 54 81 87 50 98 4 1 34 53 56 65 6
64 47 44 21 41 85 90 38 52 52 2 42 88 55 56 4 38 69 31 94 36 68 90 67 91 65 88 59 11 99 57 39 40 41 57 38 3 28 62 35 51 10 54 2 34 57 37 54 0 3 81 86 22 76 91 65 81
42 7 11 86 1 48 85 74 96 42 56 15 18 61 11 10 10 79 48 51 71 27 70 27 88 21 44 97 57 22 5 5 42 88 35 91 28 30 98 43 35 90 64 38 24 93 47 63 0 45 99 1 37 86 82 6 43 94
49 9 4 63 46 18 66 31 19 54 18 60 90 10 43 46 88 15 96 84 82 56 44 11 61 14 19 31 94 34 13 65 9 46 95 18 40 52 54 77 51 86 2 48 4 87 36 29 93 32 80 64 53 52 89 94 20 35 90
72 82 49 22 18 36 91 56 27 52 51 70 93 47 60 68 23 84 58 30 64 75 43 94 4 11 40 51 77 37 91 40 10 15 93 61 16 6 89 78 66 5 40 5 40 91 76 32 62 59 79 80 38 10 57 96 88 44 19 72
41 69 60 87 54 49 77 95 31 19 88 21 40 56 49 79 42 6 50 91 79 92 67 75 36 9 18 57 19 85 25 94 29 70 80 10 66 86 74 92 20 23 92 97 3 60 25 14 82 82 22 75 15 27 53 98 89 58 54 46 99
9 30 46 30 77 76 17 52 76 14 79 75 61 85 10 84 45 53 76 17 89 43 62 63 69 78 54 58 76 80 49 19 69 90 7 19 30 4 53 26 67 15 77 75 27 82 73 48 96 55 70 98 45 98 15 41 97 8 39 86 10 98
16 99 92 14 86 41 65 99 28 9 94 61 46 5 71 40 28 77 20 70 55 73 60 75 30 11 52 29 1 18 2 66 81 47 38 81 59 59 5 3 4 18 85 46 77 36 99 35 37 28 50 30 32 48 51 50 31 51 45 25 31 10 22
21 10 35 80 24 45 54 20 22 27 24 41 56 87 8 1 71 83 38 25 44 25 12 82 6 50 59 49 70 49 41 91 46 42 67 97 22 25 26 69 93 39 58 41 86 0 43 22 47 42 53 81 14 37 96 5 9 68 66 26 78 25 19 77
10 69 10 38 99 55 58 35 67 35 42 66 1 47 42 26 96 70 75 11 23 41 25 40 41 88 75 55 92 17 97 8 62 99 66 98 95 26 82 35 94 75 50 51 88 49 16 33 94 4 54 2 76 41 14 19 15 13 80 17 80 42 71 68 59
41 55 65 18 7 92 58 84 72 64 0 43 9 71 23 41 66 76 7 51 28 56 42 14 25 87 95 7 23 84 25 44 10 35 28 89 38 73 98 66 16 99 34 70 1 47 92 49 58 31 89 79 3 50 64 8 47 66 78 20 37 40 19 80 29 99
11 27 22 27 56 80 81 66 65 81 51 81 76 9 91 25 0 72 46 22 3 83 56 80 40 67 40 1 89 82 36 95 56 97 44 66 32 53 70 31 71 33 35 68 2 86 13 77 85 30 44 96 41 24 50 17 64 64 75 28 81 31 38 67 1 65 52
85 46 75 35 29 74 17 58 93 24 56 12 10 23 38 78 45 92 83 3 61 31 60 91 52 49 3 32 47 42 77 17 73 42 44 88 92 14 70 88 24 8 43 28 38 87 19 8 41 38 15 21 15 24 50 12 98 87 57 52 87 86 25 88 45 27 21 93
84 70 42 49 52 91 42 46 68 28 86 25 51 32 49 86 21 80 3 81 5 81 23 48 48 9 43 5 10 87 50 47 37 26 47 48 65 46 51 12 20 19 29 98 11 78 74 65 14 78 41 51 50 76 99 98 0 36 45 27 23 89 82 80 10 42 61 17 64
19 80 80 69 87 70 27 70 68 3 83 30 50 66 10 16 0 6 32 60 82 94 35 49 12 34 10 93 20 98 90 97 11 62 53 33 52 40 11 92 62 19 34 21 41 93 97 57 69 0 97 45 11 54 5 79 17 74 64 21 5 96 89 7 58 8 3 39 35 76
67 76 0 41 47 31 46 39 85 65 19 84 1 57 28 78 28 58 45 14 42 98 63 26 55 87 28 60 50 51 47 41 98 3 30 52 35 60 38 6 37 89 62 35 17 49 97 81 89 58 82 70 13 80 73 0 79 0 84 72 55 61 8 71 26 96 15 89 9 40 72
36 63 96 22 90 35 62 76 99 67 66 49 73 91 68 48 75 90 3 56 57 28 93 95 86 76 40 37 64 9 31 36 45 81 35 86 10 81 38 31 77 92 14 14 16 2 0 71 82 28 87 71 11 67 75 11 83 67 26 54 40 71 85 83 27 67 90 52 6 62 63 82
49 93 83 49 79 28 9 67 61 72 85 24 89 79 15 1 89 9 71 88 66 51 91 44 16 94 56 74 52 2 91 68 1 85 89 13 10 39 47 34 85 79 76 16 72 48 13 76 92 55 82 21 63 26 75 80 27 34 26 14 74 81 84 65 5 6 95 64 73 54 34 11 60
9 65 60 81 58 5 33 4 53 12 30 85 14 90 66 77 31 71 90 82 75 37 42 15 85 10 13 99 97 66 0 92 98 55 94 77 13 11 43 26 70 68 15 16 25 4 78 92 88 71 79 64 68 21 6 73 73 57 47 17 69 28 25 65 93 63 11 19 54 3 82 1 50 43
24 94 18 29 29 82 46 48 25 90 29 26 46 2 43 37 52 75 20 6 70 37 22 5 11 97 16 29 67 77 51 65 21 93 33 62 78 99 56 83 72 10 77 95 61 7 59 53 46 52 48 85 20 6 83 76 42 85 58 22 49 63 11 9 58 50 62 81 58 13 31 55 52 77 84
59 75 27 61 38 66 50 76 62 87 27 50 28 84 5 66 36 61 26 43 27 70 53 14 99 76 50 87 57 49 55 78 52 21 42 16 31 72 75 32 67 57 73 19 6 77 65 56 92 18 38 26 8 91 57 67 1 77 53 72 28 94 8 95 81 26 72 49 69 92 76 36 41 69 79 24
54 68 23 98 46 24 28 1 36 95 40 51 21 27 82 29 65 45 63 11 50 19 81 27 27 38 77 92 65 92 21 50 71 75 1 21 59 72 66 72 74 44 56 69 37 73 90 3 3 60 26 83 78 15 50 19 10 78 97 56 17 4 63 80 38 56 96 98 89 69 14 70 23 20 90 81 79
56 64 73 28 49 39 77 35 6 50 77 17 48 78 37 15 76 62 0 6 52 24 36 50 44 0 9 38 16 26 71 69 3 68 36 0 34 74 87 12 61 42 76 81 7 50 34 77 81 80 79 84 36 73 99 24 72 58 14 8 52 83 19 77 95 47 12 68 12 9 4 49 19 13 29 90 5 2
51 45 78 92 37 51 26 35 15 48 97 62 96 24 56 50 70 85 38 16 96 36 75 54 88 26 69 87 72 99 44 25 60 54 80 67 17 24 15 97 88 19 68 99 25 39 76 15 27 0 51 15 49 23 55 70 52 79 62 48 56 56 82 97 77 19 14 15 8 34 63 60 34 87 64 89 73 60 48
46 85 49 7 20 19 33 4 5 78 8 90 8 78 18 85 4 46 82 45 95 70 66 54 64 74 6 86 73 14 4 36 27 62 42 41 4 46 11 46 7 20 89 26 96 50 93 6 11 32 54 35 39 34 67 52 56 47 47 97 14 6 26 7 89 13 2 58 86 69 53 61 88 9 82 33 59 67 16 61
98 66 78 55 60 49 98 8 90 76 77 70 76 57 51 3 2 15 64 69 66 48 22 28 99 20 56 96 10 26 96 6 5 15 44 90 32 74 70 24 40 27 14 31 80 81 95 46 35 22 6 66 80 53 39 21 53 92 37 50 91 11 4 81 99 41 63 54 2 66 12 94 91 4 17 23 69 12 76 18 71
92 87 34 29 2 11 95 62 70 58 8 12 57 81 10 49 44 95 39 39 85 88 0 78 69 73 55 59 30 69 45 65 31 67 36 56 19 15 85 29 59 91 20 69 29 90 57 55 70 52 64 25 63 81 64 79 79 76 21 50 77 60 8 92 21 78 52 25 66 14 60 96 20 4 25 44 11 72 29 57 44 30
33 55 23 31 35 80 47 81 9 79 54 78 35 21 45 4 83 97 53 5 56 41 55 54 4 7 22 14 12 42 35 24 79 85 42 3 73 66 92 68 26 5 48 34 90 16 68 29 69 27 48 67 33 93 30 39 16 33 99 73 28 15 6 92 9 27 15 33 47 65 38 76 24 24 25 96 1 97 44 53 53 95 76
61 67 52 12 56 22 18 42 40 91 4 49 25 3 34 75 68 46 81 93 35 72 44 38 53 4 95 2 0 63 5 93 35 10 5 90 42 60 15 34 32 79 37 0 31 46 61 50 49 25 81 25 88 45 86 75 77 91 79 43 10 75 74 47 7 26 61 66 95 61 23 36 61 93 70 47 66 81 41 27 15 75 54 78
55 8 69 19 23 57 89 2 87 90 89 93 24 11 84 41 69 98 38 71 38 61 10 6 35 81 76 15 99 44 0 73 72 51 42 71 80 88 73 63 47 20 2 72 92 72 34 60 38 86 69 68 11 3 54 6 48 97 52 14 68 43 63 1 87 49 7 14 51 82 75 94 90 0 94 0 80 59 23 42 60 14 50 35 9
43 86 14 30 38 48 64 39 46 63 14 36 44 18 98 33 96 18 15 44 78 76 20 51 94 58 39 37 85 75 76 8 49 50 58 37 43 41 12 87 63 75 92 7 60 86 12 49 95 43 75 41 62 12 13 13 91 69 15 27 19 84 18 23 53 58 14 93 24 98 26 81 19 40 7 4 1 60 91 96 89 86 0 81 21 22
30 43 8 57 70 12 33 63 6 34 58 57 86 18 30 51 0 68 67 82 35 75 72 95 89 66 79 31 80 13 59 15 17 89 6 93 21 22 38 10 7 59 26 4 26 29 80 40 8 85 21 60 89 72 37 15 99 82 73 25 54 35 79 98 31 38 57 72 18 44 31 84 58 55 91 3 19 36 82 54 22 64 18 24 63 48 38
36 40 4 79 38 82 68 33 15 39 19 1 21 47 1 83 58 99 25 70 10 23 56 57 60 20 4 18 96 55 41 74 15 93 53 56 28 32 1 66 15 43 19 62 89 95 23 30 31 50 74 32 96 36 34 45 30 80 17 36 29 24 64 78 62 38 37 54 43 89 40 13 45 68 75 4 40 2 21 21 43 90 69 79 78 33 8 36
92 50 60 38 63 50 1 44 52 3 23 92 5 83 66 30 73 9 98 46 14 44 70 3 22 71 67 80 8 6 59 77 51 4 5 83 73 34 89 63 62 75 47 41 88 52 60 70 43 36 9 74 94 25 76 56 52 79 23 15 26 79 44 29 10 32 51 94 29 14 34 72 30 50 18 11 22 51 4 64 56 18 55 58 69 78 70 53 54
32 35 23 72 5 93 86 25 66 51 45 5 16 73 39 51 6 12 44 68 56 56 29 19 6 93 16 67 58 28 82 59 35 51 58 25 59 76 80 25 19 8 50 46 94 79 6 61 13 8 53 9 27 78 72 92 26 15 74 80 40 10 38 12 3 92 59 30 84 63 73 21 47 79 62 63 2 78 63 45 72 75 14 44 44 64 62 96 35 12
97 8 30 48 33 76 13 58 9 67 18 52 32 21 94 31 66 30 75 8 78 45 82 92 27 16 24 4 6 65 44 8 45 58 12 82 68 87 13 0 34 52 60 2 10 77 7 17 36 77 26 99 77 80 48 8 60 62 86 0 44 57 90 24 51 35 60 44 70 89 2 62 64 32 50 64 61 18 23 16 57 17 9 65 51 43 50 6 97 90 61
27 53 12 37 96 76 63 43 54 7 62 81 41 49 64 9 48 25 43 34 25 68 78 98 68 69 56 11 3 18 84 19 88 48 76 72 91 55 90 54 64 4 7 22 41 43 80 91 57 20 24 23 15 51 68 75 22 65 26 92 86 86 71 3 69 13 59 84 30 47 63 48 98 40 11 96 57 71 96 38 66 53 86 35 55 57 54 90 53 3 29 5
4 75 32 2 73 73 20 73 48 16 60 89 0 52 51 36 26 89 48 45 45 37 88 49 92 70 53 86 31 58 77 29 93 35 79 26 76 47 32 58 9 9 63 1 34 3 13 6 67 57 27 40 29 46 90 10 83 9 97 27 95 10 31 81 40 16 52 33 5 44 66 16 71 76 13 96 77 85 79 33 56 19 98 11 14 40 64 94 8 67 26 66 16
28 18 41 53 24 46 33 34 79 74 7 83 47 93 2 31 67 13 30 71 94 57 54 4 54 87 81 22 53 31 41 20 11 43 40 13 76 23 60 90 89 76 34 68 59 45 48 65 69 61 5 18 56 64 74 62 80 46 38 45 89 86 82 54 35 36 95 64 56 29 85 1 29 89 54 59 40 15 21 79 1 65 25 93 3 38 41 22 95 45 74 30 88 29
39 98 65 79 53 65 56 1 53 99 3 36 99 19 75 36 29 6 81 24 59 17 1 65 13 63 86 57 28 73 30 84 58 72 44 80 40 57 16 98 2 44 28 25 64 86 98 83 16 16 37 78 74 61 4 11 65 37 77 60 25 13 63 77 95 51 69 45 22 99 56 54 57 32 95 60 10 92 17 74 6 90 68 0 24 86 77 12 17 96 5 61 61 55 63
98 72 69 39 60 55 23 15 51 71 47 41 38 65 50 50 79 99 69 38 29 74 79 33 14 46 8 85 21 51 94 2 5 26 13 91 44 72 55 63 26 63 17 37 6 56 64 52 39 8 71 4 97 79 49 2 27 66 29 34 18 25 19 87 20 90 43 52 77 77 4 31 59 13 66 39 68 32 73 7 94 55 62 53 77 97 28 45 49 18 96 79 38 68 97 12
27 70 27 82 56 2 65 62 57 33 42 32 49 76 57 2 0 74 12 62 75 45 83 37 50 19 19 37 80 15 5 71 56 56 77 94 52 66 47 81 58 63 21 11 60 94 29 23 84 60 31 65 5 7 11 0 10 8 71 59 73 40 38 82 9 35 25 43 73 86 57 41 12 28 80 41 69 99 81 40 19 69 65 1 39 78 19 89 35 77 72 53 67 47 9 27 87
32 87 14 15 5 17 76 28 26 29 61 20 38 28 86 41 29 52 60 63 47 83 92 71 18 26 84 85 22 38 63 18 45 51 61 3 56 79 35 73 83 37 67 62 33 55 57 82 49 59 10 39 89 32 92 47 40 78 35 35 51 55 82 50 71 42 7 12 7 24 30 1 26 4 32 22 89 53 97 62 19 89 43 30 29 70 66 3 21 14 58 54 82 83 92 74 27 22
46 82 82 75 9 58 91 71 64 44 66 62 90 24 97 40 20 89 19 60 23 19 47 87 30 41 53 56 69 15 92 36 42 34 20 65 35 17 30 32 41 73 47 64 44 93 94 95 1 91 42 23 9 70 29 86 43 92 30 18 53 29 66 8 43 43 66 42 62 30 12 48 45 87 89 60 99 81 74 93 28 48 76 70 17 77 63 17 7 15 49 18 36 40 53 87 46 37 71
73 97 9 79 92 72 49 27 17 55 88 1 76 88 60 78 58 51 84 13 1 97 39 52 84 21 24 81 39 7 65 60 31 3 33 85 94 73 0 30 97 27 93 76 59 30 51 87 99 51 31 83 63 42 63 69 35 2 84 23 73 65 41 93 87 25 31 89 96 88 98 86 40 37 61 61 30 4 38 1 99 29 22 33 93 68 56 16 76 49 17 49 54 20 63 37 73 68 39 99
