# seed: 373721126
82
94 42
35 18 61
67 17 60 23
91 59 77 71 5
43 17 24 59 34 30
24 71 17 52 65 72 5
21 74 38 11 69 78 4 97
50 92 19 7 5 75 83 10 17
56 29 59 17 90 32 63 46 54 6
38 19 25 56 50 20 96 98 8 47 63
40 71 41 69 22 97 34 80 19 82 96 68
6 30 26 7 62 11 10 33 27 81 75 57 6
3 89 12 29 84 58 24 65 50 43 66 17 26 42
55 52 69 99 53 96 30 30 74 58 26 50 33 90 34
40 88 82 16 56 58 43 37 37 95 17 2 68 86 53 74
46 79 73 85 62 70 11 99 43 72 7 32 80 34 23 43 23
11 37 77 44 51 8 58 33 58 96 75 43 74 16 30 52 37 83
39 81 75 91 44 48 49 81 13 79 88 85 22 86 73 63 10 54 2
40 64 56 21 99 21 90 92 91 34 86 9 14 27 92 41 16 57 13 25
46 77 30 75 58 91 44 36 91 34 78 94 31 37 57 98 50 99 83 45 91
20 83 43 61 69 58 98 2 95 71 99 31 55 50 36 41 33 6 70 58 15 72
93 29 37 16 38 28 3 47 14 58 55 32 30 48 9 20 19 85 37 13 87 15 61
62 6 70 52 65 11 91 55 84 79 67 46 94 44 9 8 73 66 18 8 36 23 36 31
62 89 74 83 3 35 67 5 20 93 37 89 58 40 23 84 25 26 75 59 62 66 30 65 31
61 25 17 27 89 97 15 36 95 7 42 98 1 14 29 10 29 38 23 25 37 54 52 44 95 94
1 28 49 23 91 3 15 13 53 49 18 18 65 50 13 65 70 0 62 42 3 65 34 77 63 68 70
46 40 45 59 52 34 16 53 39 11 50 60 1 13 83 55 96 84 71 31 56 73 51 65 31 92 57 44
87 96 69 14 26 56 72 69 93 54 87 13 26 55 68 5 48 64 7 11 6 66 44 42 84 74 23 63 2
64 94 4 58 38 75 6 12 32 68 85 10 52 40 50 46 56 56 60 64 27 88 64 48 85 9 80 42 70 38
68 50 95 11 84 3 98 18 73 52 56 66 87 57 44 87 91 52 98 0 55 64 49 7 11 72 98 50 43 64 43
50 43 76 57 41 94 46 83 51 88 91 12 3 43 75 54 57 57 99 57 86 53 31 74 78 67 91 54 94 34 31 60
38 1 92 38 4 29 27 13 97 27 85 3 92 13 57 60 24 12 28 52 63 90 79 95 84 89 20 59 78 13 76 34 67
94 61 66 60 73 67 41 40 21 1 23 56 58 89 95 30 16 18 5 62 42 15 11 21 17 32 98 70 52 69 64 72 57 95
0 93 67 44 35 16 31 31 26 49 41 85 69 7 52 11 27 69 57 55 7 6 83 78 15 22 95 32 51 49 7 60 94 94 93
3 86 46 65 64 42 76 29 47 41 14 13 23 29 62 40 50 98 74 86 88 54 13 42 91 26 62 79 89 50 32 81 93 58 73 55
36 69 77 32 49 8 10 38 15 24 90 38 42 44 21 98 46 46 21 30 60 57 72 19 64 10 39 5 64 67 89 44 38 44 96 46 45
49 6 72 86 77 89 22 98 26 71 69 81 73 44 70 57 93 81 77 5 96 3 91 81 23 19 68 3 19 61 93 81 84 87 95 9 62 54
90 74 39 29 5 17 58 3 54 52 45 32 93 19 73 95 78 5 63 82 61 2 74 3 50 3 42 71 82 20 20 23 42 94 60 70 31 81 0
37 10 95 78 90 0 59 13 5 11 26 65 78 89 4 25 43 86 5 39 49 70 34 63 26 40 74 68 62 54 81 88 24 74 48 3 69 94 56 88
55 36 26 40 47 24 64 84 61 80 37 61 81 95 3 83 64 1 10 43 26 43 10 87 58 70 58 4 8 91 95 18 65 67 95 93 94 92 23 7 20
44 81 75 56 12 16 8 80 98 90 30 68 46 84 11 92 87 12 74 15 98 12 31 69 66 67 27 34 43 25 81 2 50 8 22 97 34 9 14 0 58 94
61 31 50 54 41 98 84 36 40 79 68 98 35 57 83 17 66 71 29 92 84 25 38 94 48 16 61 61 88 14 25 67 54 72 32 9 9 24 36 53 99 46 24
73 13 27 73 20 15 98 80 99 38 26 77 66 80 34 84 97 84 87 11 7 23 89 68 4 67 33 5 51 82 66 8 6 27 24 16 42 37 97 30 64 73 41 25
14 67 97 8 92 92 91 68 3 56 33 1 4 99 46 3 10 42 51 49 12 31 79 61 62 85 42 67 63 67 69 36 21 28 39 13 11 42 86 32 27 4 80 48 36
48 91 72 85 57 92 66 96 98 83 22 91 18 57 77 13 89 20 1 23 64 64 58 17 32 23 60 67 3 82 4 93 44 28 81 2 18 61 41 74 69 7 13 87 49 93
86 58 99 72 52 20 78 62 24 55 79 71 31 72 42 96 39 86 93 24 71 52 30 58 63 81 2 24 68 41 33 81 30 45 65 66 53 92 58 55 23 4 51 90 29 4 12
9 27 16 81 8 53 47 88 43 51 74 6 66 53 69 50 80 10 95 99 21 40 87 73 10 74 65 68 84 6 20 13 38 28 90 14 13 87 99 77 9 94 12 5 28 71 83 17
43 54 63 25 27 2 85 14 96 94 6 86 16 66 37 86 17 23 89 82 4 93 28 55 55 84 67 55 72 99 11 73 16 6 89 3 6 70 78 66 52 91 2 1 80 89 61 2 24
72 48 35 8 95 6 29 38 45 49 39 56 31 93 2 66 37 55 32 59 83 66 28 54 24 17 85 86 16 10 78 34 23 96 94 59 53 37 96 64 8 19 99 33 41 33 73 1 52 54
14 26 27 93 44 38 18 56 93 95 73 46 1 16 19 85 95 55 20 65 15 51 57 44 22 79 47 19 73 58 54 93 95 34 46 19 51 72 17 83 51 58 70 47 20 53 97 86 18 26 99
23 83 74 98 93 39 5 75 55 11 8 69 93 72 17 58 8 28 89 56 65 61 17 26 55 58 53 68 84 94 68 62 97 70 70 85 41 43 93 36 69 94 43 70 33 26 41 72 84 12 56 36
62 92 66 25 32 91 4 17 86 45 43 25 52 27 22 15 54 19 45 67 57 55 76 8 27 11 95 1 16 78 34 28 43 45 98 95 76 44 47 8 24 58 29 84 60 72 74 87 68 69 42 54 27
81 13 61 95 80 10 8 6 14 30 73 80 82 93 13 85 88 32 25 20 92 47 63 89 37 74 42 36 42 43 46 79 44 64 62 54 65 52 61 23 73 24 55 68 52 22 49 6 84 38 59 99 65 89
11 44 62 7 92 25 34 34 4 17 1 97 10 43 90 87 88 87 26 88 74 12 79 50 25 18 15 38 95 63 19 71 66 27 32 12 80 56 25 5 47 61 67 34 18 59 42 72 65 27 82 2 93 91 71
6 4 39 97 82 28 68 79 80 82 99 11 5 79 5 27 97 83 40 31 21 38 78 27 39 4 69 8 39 41 46 23 35 14 96 15 81 35 61 37 13 50 45 77 38 49 15 87 58 84 76 92 61 6 7 68
12 54 83 21 86 29 44 33 96 43 48 0 15 84 3 13 98 42 55 12 36 21 35 71 31 2 62 74 67 33 3 60 2 62 59 79 36 22 10 88 76 8 5 5 97 82 78 7 43 2 63 24 42 68 40 30 6
14 30 78 97 72 53 17 78 23 46 1 63 96 84 95 90 11 10 21 22 35 69 83 48 11 35 76 92 30 46 19 29 74 89 43 53 58 85 45 12 51 29 16 29 11 4 24 15 70 47 24 18 16 32 73 28 39 73
64 39 34 54 99 5 88 81 26 15 92 77 41 92 90 87 11 1 50 17 81 55 72 44 83 73 24 84 84 44 36 31 93 58 25 84 67 97 99 12 54 13 94 50 9 21 98 27 51 28 29 97 7 33 1 77 89 36 85
72 70 56 97 23 98 97 74 43 93 7 35 16 15 81 91 23 85 41 0 39 90 65 98 64 46 75 13 22 43 18 91 37 89 28 14 59 8 76 15 40 70 65 28 15 30 10 36 25 5 14 57 49 79 88 71 91 58 7 68
23 72 23 44 87 51 55 67 21 70 60 97 58 46 52 43 79 86 41 13 99 69 12 20 39 83 1 9 74 35 54 91 36 96 60 34 21 38 46 49 8 60 92 27 2 81 28 74 2 80 80 5 90 37 93 33 24 5 89 71 40
57 7 76 5 32 83 61 8 15 29 58 39 3 96 67 0 11 36 11 38 95 61 69 89 92 36 84 15 38 87 18 54 72 28 5 18 39 99 51 23 62 48 0 60 23 97 22 59 91 22 5 13 15 80 17 6 80 20 49 2 9 91
46 35 43 27 89 75 62 1 70 42 3 55 54 54 10 50 92 43 27 28 20 90 65 35 92 41 95 70 93 88 38 33 2 4 92 41 8 96 4 51 26 31 2 81 76 73 26 91 52 13 49 99 76 48 65 4 71 99 75 25 94 77 66
54 3 52 93 66 6 10 54 0 61 47 55 95 98 64 59 8 11 60 19 67 41 37 81 46 50 44 74 31 94 41 28 65 69 32 64 93 28 43 94 16 93 97 54 13 92 69 20 62 88 25 27 31 44 40 59 5 0 51 37 26 68 99 4
55 11 67 67 20 72 76 63 87 54 46 34 71 39 59 53 40 64 60 86 52 43 84 63 14 74 88 76 63 12 37 63 90 2 58 47 37 36 89 94 14 53 29 13 12 57 2 26 14 63 52 52 6 80 3 68 88 75 64 71 62 54 14 85 84
30 24 44 1 23 55 54 32 58 72 1 46 84 18 29 25 4 82 85 13 26 28 18 27 9 31 94 27 38 78 68 8 34 58 74 92 41 56 28 78 53 19 96 91 91 11 15 67 25 1 57 45 9 3 22 52 82 28 49 89 85 9 35 51 47 19
97 45 18 73 34 26 41 11 16 24 14 41 50 14 87 18 92 29 93 80 15 1 54 68 76 46 50 39 7 7 4 88 49 26 50 3 95 22 39 63 10 0 89 68 93 26 97 4 90 46 95 59 61 61 54 6 98 36 40 72 62 34 95 53 10 65 22
56 28 93 87 16 98 13 61 92 41 5 13 87 3 20 25 44 41 1 90 27 1 31 69 96 60 48 58 5 95 46 20 74 8 52 56 70 48 5 76 9 53 97 60 97 34 11 53 83 43 62 78 82 15 73 1 7 3 27 57 84 66 23 98 35 92 74 3
36 88 45 60 31 50 14 37 72 37 91 18 96 61 73 57 20 57 52 54 2 34 33 45 19 33 98 99 21 51 15 19 42 86 64 80 47 30 26 89 20 42 67 20 35 6 86 40 12 32 49 97 35 18 13 10 62 6 61 75 74 45 63 61 42 85 64 44 51
8 67 48 62 90 0 75 48 51 35 38 7 58 68 39 19 9 16 76 80 7 34 63 28 35 31 97 73 47 19 20 36 82 0 9 13 34 22 28 67 6 78 12 52 32 29 59 70 63 20 10 50 77 61 61 58 80 17 15 37 95 70 17 82 20 9 85 34 84 29
33 0 70 38 74 28 30 43 97 37 15 47 1 23 28 84 63 11 88 68 10 54 28 97 57 10 70 51 12 48 5 0 56 47 12 83 36 47 60 12 33 98 9 93 44 32 64 33 35 29 8 13 75 11 31 84 82 90 93 73 5 12 33 72 80 77 35 30 25 36 5
2 11 74 10 4 45 8 81 61 55 15 96 98 29 81 92 30 47 15 69 43 25 54 47 41 85 4 60 2 6 11 67 42 3 82 45 62 13 20 83 8 42 12 43 86 93 71 40 72 84 22 16 57 24 65 13 87 91 9 54 39 98 49 97 51 98 16 82 18 7 99 93
46 61 34 93 1 3 50 17 34 25 77 8 96 9 62 86 50 62 52 69 41 2 50 26 39 91 9 6 36 97 26 21 2 98 84 30 12 70 69 32 76 18 22 41 67 45 52 25 53 82 46 82 25 42 77 95 80 65 50 4 77 76 44 17 18 22 94 43 94 87 41 4 54
31 67 74 90 60 63 76 13 40 65 84 10 45 75 17 59 86 81 69 4 7 98 3 84 70 4 48 67 70 62 23 11 37 54 3 70 97 89 65 98 27 50 36 24 48 35 42 3 14 20 56 73 47 3 69 68 1 42 16 99 42 71 64 60 71 77 65 74 73 83 57 84 63 90
61 32 91 42 67 82 43 30 2 97 36 68 64 8 3 64 7 43 85 16 54 85 93 94 83 22 23 76 25 90 20 99 12 77 73 39 40 78 10 42 9 35 21 69 92 54 92 46 70 18 36 74 3 70 15 71 70 47 17 1 31 77 78 35 23 19 23 43 53 44 24 26 28 71 84
13 97 20 24 60 44 72 34 33 93 62 73 18 33 31 45 29 36 77 77 52 81 58 13 57 42 28 16 36 68 5 90 17 19 91 52 74 61 18 13 68 69 78 79 38 8 84 31 9 91 22 2 4 87 67 22 18 67 18 14 78 0 90 82 72 34 98 46 48 82 22 65 35 36 2 58
30 72 13 28 88 90 60 28 17 35 65 91 81 3 81 86 59 33 32 58 50 6 76 96 66 66 67 36 56 72 50 60 60 65 43 20 12 76 78 59 69 89 96 28 71 56 54 4 75 93 34 86 36 27 48 93 44 46 98 12 20 38 58 83 75 97 49 23 25 69 57 79 3 8 37 72 44
40 29 29 65 71 93 12 78 76 59 93 74 45 5 65 81 54 69 34 95 74 71 28 96 16 73 12 26 84 22 28 62 97 94 23 39 64 7 38 51 59 65 36 68 15 55 73 19 27 40 77 35 92 33 56 77 30 50 94 56 86 58 72 12 53 29 24 20 47 91 60 76 74 33 35 22 49 68
85 93 87 59 65 21 66 32 6 11 72 43 81 92 97 26 11 96 21 85 47 8 97 21 76 20 42 45 36 5 99 84 48 16 29 82 96 24 64 83 43 70 12 78 30 94 61 52 90 43 61 35 4 23 73 62 84 56 35 99 17 23 15 12 4 24 16 64 80 92 35 42 59 71 51 33 56 37 95
46 21 84 13 63 3 9 3 29 72 76 10 36 57 73 15 3 94 47 38 83 88 1 86 50 6 90 49 53 83 11 26 71 47 95 1 97 4 58 8 58 46 34 72 60 28 56 87 22 2 92 25 89 56 3 5 18 47 54 70 73 31 3 23 28 33 13 53 4 60 14 95 29 23 69 80 62 34 22 46
47 87 85 22 51 48 98 45 2 6 28 50 79 4 33 37 55 43 6 92 37 18 37 93 55 62 83 57 15 52 56 32 8 18 98 17 48 20 30 25 34 1 75 5 57 99 65 89 79 88 33 52 72 53 47 41 87 57 16 39 11 16 19 42 0 94 12 79 70 60 99 70 23 98 16 38 96 26 59 34 44
21 39 52 93 67 24 23 77 97 29 90 2 80 29 55 44 9 47 2 43 9 13 59 8 98 66 67 84 51 23 84 59 89 51 7 96 99 52 36 46 46 62 61 24 2 16 51 19 65 38 50 12 82 56 5 49 28 62 54 80 97 37 92 71 49 70 38 72 34 55 47 33 7 74 5 84 0 54 27 41 66 77
37 85 43 73 55 70 49 75 29 65 8 37 37 56 69 39 22 2 50 81 25 30 93 45 79 56 10 73 95 18 81 93 14 85 0 38 9 16 69 6 74 47 36 71 7 95 61 19 93 98 61 35 77 1 3 17 65 30 30 80 74 47 58 6 12 33 57 68 68 82 59 70 34 94 37 99 3 94 0 54 84 0 74
95 91 47 27 39 28 6 93 42 24 82 24 19 17 73 6 7 99 57 84 20 81 34 92 85 73 63 59 71 59 63 9 90 4 99 30 5 92 82 20 53 81 58 9 33 7 13 60 92 38 31 40 4 47 22 64 86 68 86 89 78 54 56 50 60 59 93 47 99 37 88 30 16 70 24 50 39 48 49 13 13 34 70 46
1 16 36 16 52 96 81 79 8 96 43 65 78 93 2 92 80 35 1 18 26 11 38 22 6 42 68 87 47 3 61 83 7 28 14 6 4 85 22 29 53 27 96 54 38 13 33 58 21 50 89 15 93 78 71 23 25 42 48 61 87 79 57 79 47 67 52 61 74 88 92 78 28 22 19 98 25 16 66 64 45 78 76 6 84
38 11 86 57 68 43 79 75 1 60 1 25 68 84 66 87 61 0 47 1 44 3 99 52 21 97 84 13 90 17 68 47 84 99 18 89 76 1 9 9 62 4 38 64 45 52 19 97 19 24 16 93 58 65 83 9 64 39 51 1 32 70 34 62 70 98 72 90 46 32 12 99 96 9 86 24 80 33 94 93 26 26 37 40 73 97
81 46 17 75 72 36 14 33 70 60 68 92 40 80 10 90 14 26 18 49 88 23 63 99 86 64 70 42 65 73 43 7 22 65 30 9 57 26 65 70 22 39 80 81 9 42 7 76 1 75 65 90 17 18 68 74 94 32 92 82 88 17 1 11 48 92 24 81 95 44 33 79 81 30 1 2 92 0 35 98 56 1 68 39 9 96 68
85 97 47 76 68 24 15 99 80 8 6 69 24 25 42 75 14 31 57 96 82 13 95 4 88 63 31 48 13 95 90 39 66 72 47 45 39 43 4 37 87 75 6 92 85 72 99 65 24 41 72 91 85 75 71 60 41 78 99 88 66 40 35 49 35 0 34 99 20 97 19 31 4 64 38 66 85 44 71 92 45 41 15 50 36 39 11 5
67 86 64 61 96 71 48 42 85 62 10 23 65 96 61 84 86 99 93 98 50 44 91 15 81 37 98 44 33 73 27 32 96 45 9 57 7 65 24 54 11 68 33 84 92 42 86 58 79 80 18 37 30 93 71 20 80 35 69 53 47 68 68 61 56 65 72 11 29 18 77 17 31 0 29 46 9 75 52 16 9 35 79 26 84 19 82 10 17
17 53 74 39 77 14 88 57 61 68 16 80 42 99 62 47 57 32 26 78 65 98 37 29 33 95 89 1 37 73 76 33 14 12 14 43 64 32 33 89 57 77 46 15 28 51 99 64 75 21 11 65 70 78 62 19 20 90 11 52 80 39 48 92 83 55 65 50 16 47 56 89 97 42 29 15 93 69 82 29 75 83 86 77 90 16 32 22 42 27
23 61 0 37 0 65 50 86 40 52 58 54 77 9 29 21 48 62 44 32 40 96 35 88 98 58 39 29 77 4 62 52 21 8 56 6 9 62 77 69 34 53 30 90 35 9 82 89 67 74 70 0 2 47 81 31 39 81 47 73 98 39 20 64 66 74 13 19 68 25 22 93 36 34 39 62 48 97 2 22 87 59 11 98 50 47 96 24 86 73 10
39 43 16 4 95 74 34 43 67 91 75 51 24 25 22 34 83 18 8 63 8 51 11 31 26 45 8 28 22 23 18 97 96 80 70 50 85 36 8 89 99 27 19 7 79 70 82 31 5 15 11 68 95 7 24 61 11 87 66 89 7 44 61 60 59 9 55 3 38 24 32 52 94 24 55 82 43 2 8 77 11 93 14 21 71 8 9 58 2 68 4 31
70 92 8 3 24 77 61 58 50 2 91 32 69 85 45 33 78 53 26 73 57 33 96 98 28 9 26 41 34 67 7 90 35 64 42 1 33 30 37 18 1 27 4 72 84 48 30 62 54 8 63 66 88 95 43 44 10 83 4 63 40 82 63 35 74 6 88 83 15 14 27 77 71 39 27 37 46 28 22 91 9 30 12 2 27 43 1 53 33 97 46 88 55
40 24 37 51 77 92 16 57 19 14 14 28 89 73 78 71 52 77 43 89 91 20 62 55 33 79 31 13 28 72 7 88 16 85 8 18 10 32 98 28 71 32 78 37 49 33 81 28 18 50 18 52 84 27 49 8 5 97 53 47 91 71 17 46 67 32 92 39 20 79 91 79 15 99 23 76 55 11 64 53 68 34 40 16 37 77 17 9 70 50 87 97 90 13
98 86 30 63 41 62 36 58 39 52 44 76 75 50 88 87 87 33 47 73 33 71 4 11 35 95 78 35 69 0 50 40 73 59 27 67 27 79 65 3 63 19 68 62 21 47 96 10 87 73 87 71 17 71 67 59 6 45 67 89 96 68 14 60 95 78 91 47 7 19 71 21 35 25 92 43 69 87 82 31 52 32 16 12 97 63 10 4 63 64 91 89 70 54 14
11 0 47 62 25 63 28 63 24 78 9 71 93 71 19 6 86 30 71 86 27 12 10 52 31 86 79 40 78 1 72 67 95 95 41 20 47 93 11 24 49 66 32 23 21 31 61 49 44 80 53 45 41 74 2 49 22 75 27 79 78 28 35 97 23 13 52 65 46 84 36 59 79 24 86 75 23 21 99 26 3 55 87 9 46 31 14 74 20 97 15 84 91 38 88 14
32 94 13 32 70 80 87 75 58 43 2 70 74 78 99 65 30 30 60 42 10 7 70 94 93 65 64 91 95 54 53 49 49 93 44 51 82 45 61 0 14 45 97 50 44 20 66 11 22 50 41 71 52 18 65 26 18 54 33 52 62 9 39 63 2 7 8 21 36 0 48 15 8 3 22 45 31 73 85 59 5 87 13 82 89 69 25 61 10 73 19 47 42 20 55 82 23
88 30 61 54 68 9 75 51 68 77 13 20 44 18 78 45 60 65 73 57 23 85 47 25 18 41 52 45 28 75 14 73 55 69 64 1 44 77 13 55 57 16 0 35 82 55 83 61 22 25 53 16 55 53 93 23 24 4 19 96 72 73 61 26 25 21 19 92 22 66 8 37 86 80 75 35 37 30 7 86 97 52 19 50 27 85 38 73 64 36 51 63 64 52 90 49 10 52
36 53 89 6 96 68 62 40 90 13 34 77 5 86 93 58 69 22 3 61 43 34 82 16 14 70 76 3 42 43 45 71 52 22 38 75 10 72 50 21 93 62 62 79 97 88 13 60 60 45 61 17 87 46 29 24 54 48 80 88 51 14 99 1 91 44 87 15 85 17 50 74 28 51 28 67 44 96 85 94 20 43 22 9 87 66 78 21 84 87 56 21 93 53 35 64 29 71 73
36 6 4 41 40 38 3 12 19 57 27 19 99 45 88 87 9 93 80 53 63 24 57 93 72 2 20 82 68 94 75 61 24 36 8 16 98 65 24 2 86 88 32 81 55 70 27 39 73 80 15 81 93 87 31 21 52 17 80 36 74 5 95 50 61 11 17 83 70 24 76 42 39 30 99 40 52 25 30 46 41 77 64 51 8 91 84 82 41 39 43 85 5 92 96 72 13 20 52 21
